
<table style="text-align:center"><caption><strong>correlation matrix</strong></caption>
<tr><td colspan="21" style="border-bottom: 1px solid black"></td></tr><tr><td style="text-align:left"></td><td>Age</td><td>PD1</td><td>PD2</td><td>PD3</td><td>PD4</td><td>PD5</td><td>PD6</td><td>PD7</td><td>PD8</td><td>PD9</td><td>PD10</td><td>PD11</td><td>PD12</td><td>PD13</td><td>PD14</td><td>PD15</td><td>PD16</td><td>Covid_risk</td><td>Social_support</td><td>Gad_score</td></tr>
<tr><td colspan="21" style="border-bottom: 1px solid black"></td></tr><tr><td style="text-align:left">Age</td><td>1</td><td>0.01</td><td>-0.16</td><td>0.01</td><td>0.01</td><td>-0.17</td><td>-0.18</td><td>-0.16</td><td>-0.06</td><td>-0.01</td><td>-0.04</td><td>0.01</td><td>0.14</td><td>-0.14</td><td>-0.10</td><td>-0.04</td><td>-0.04</td><td>0.27</td><td>-0.001</td><td>-0.18</td></tr>
<tr><td style="text-align:left">PD1</td><td>0.01</td><td>1</td><td>0.36</td><td>0.48</td><td>0.41</td><td>0.15</td><td>0.16</td><td>0.20</td><td>0.40</td><td>0.47</td><td>0.40</td><td>0.33</td><td>0.24</td><td>0.31</td><td>0.23</td><td>0.33</td><td>0.34</td><td>0.07</td><td>0.08</td><td>0.17</td></tr>
<tr><td style="text-align:left">PD2</td><td>-0.16</td><td>0.36</td><td>1</td><td>0.44</td><td>0.49</td><td>0.39</td><td>0.34</td><td>0.39</td><td>0.50</td><td>0.31</td><td>0.46</td><td>0.33</td><td>0.29</td><td>0.37</td><td>0.51</td><td>0.29</td><td>0.26</td><td>0.06</td><td>0.08</td><td>0.34</td></tr>
<tr><td style="text-align:left">PD3</td><td>0.01</td><td>0.48</td><td>0.44</td><td>1</td><td>0.70</td><td>0.20</td><td>0.22</td><td>0.27</td><td>0.45</td><td>0.40</td><td>0.44</td><td>0.33</td><td>0.33</td><td>0.33</td><td>0.41</td><td>0.27</td><td>0.28</td><td>0.12</td><td>0.19</td><td>0.19</td></tr>
<tr><td style="text-align:left">PD4</td><td>0.01</td><td>0.41</td><td>0.49</td><td>0.70</td><td>1</td><td>0.27</td><td>0.27</td><td>0.30</td><td>0.45</td><td>0.38</td><td>0.41</td><td>0.33</td><td>0.31</td><td>0.33</td><td>0.43</td><td>0.28</td><td>0.27</td><td>0.13</td><td>0.15</td><td>0.21</td></tr>
<tr><td style="text-align:left">PD5</td><td>-0.17</td><td>0.15</td><td>0.39</td><td>0.20</td><td>0.27</td><td>1</td><td>0.48</td><td>0.45</td><td>0.32</td><td>0.16</td><td>0.30</td><td>0.22</td><td>0.22</td><td>0.40</td><td>0.43</td><td>0.26</td><td>0.16</td><td>0.10</td><td>-0.05</td><td>0.33</td></tr>
<tr><td style="text-align:left">PD6</td><td>-0.18</td><td>0.16</td><td>0.34</td><td>0.22</td><td>0.27</td><td>0.48</td><td>1</td><td>0.44</td><td>0.32</td><td>0.19</td><td>0.24</td><td>0.18</td><td>0.21</td><td>0.37</td><td>0.41</td><td>0.30</td><td>0.14</td><td>0.09</td><td>0.01</td><td>0.27</td></tr>
<tr><td style="text-align:left">PD7</td><td>-0.16</td><td>0.20</td><td>0.39</td><td>0.27</td><td>0.30</td><td>0.45</td><td>0.44</td><td>1</td><td>0.44</td><td>0.21</td><td>0.32</td><td>0.25</td><td>0.27</td><td>0.41</td><td>0.41</td><td>0.35</td><td>0.20</td><td>0.12</td><td>-0.002</td><td>0.31</td></tr>
<tr><td style="text-align:left">PD8</td><td>-0.06</td><td>0.40</td><td>0.50</td><td>0.45</td><td>0.45</td><td>0.32</td><td>0.32</td><td>0.44</td><td>1</td><td>0.37</td><td>0.52</td><td>0.40</td><td>0.35</td><td>0.43</td><td>0.43</td><td>0.45</td><td>0.36</td><td>0.11</td><td>0.01</td><td>0.31</td></tr>
<tr><td style="text-align:left">PD9</td><td>-0.01</td><td>0.47</td><td>0.31</td><td>0.40</td><td>0.38</td><td>0.16</td><td>0.19</td><td>0.21</td><td>0.37</td><td>1</td><td>0.43</td><td>0.36</td><td>0.23</td><td>0.33</td><td>0.26</td><td>0.36</td><td>0.44</td><td>0.04</td><td>0.03</td><td>0.14</td></tr>
<tr><td style="text-align:left">PD10</td><td>-0.04</td><td>0.40</td><td>0.46</td><td>0.44</td><td>0.41</td><td>0.30</td><td>0.24</td><td>0.32</td><td>0.52</td><td>0.43</td><td>1</td><td>0.50</td><td>0.41</td><td>0.38</td><td>0.41</td><td>0.36</td><td>0.39</td><td>0.18</td><td>0.06</td><td>0.36</td></tr>
<tr><td style="text-align:left">PD11</td><td>0.01</td><td>0.33</td><td>0.33</td><td>0.33</td><td>0.33</td><td>0.22</td><td>0.18</td><td>0.25</td><td>0.40</td><td>0.36</td><td>0.50</td><td>1</td><td>0.51</td><td>0.34</td><td>0.36</td><td>0.28</td><td>0.27</td><td>0.22</td><td>0.07</td><td>0.32</td></tr>
<tr><td style="text-align:left">PD12</td><td>0.14</td><td>0.24</td><td>0.29</td><td>0.33</td><td>0.31</td><td>0.22</td><td>0.21</td><td>0.27</td><td>0.35</td><td>0.23</td><td>0.41</td><td>0.51</td><td>1</td><td>0.31</td><td>0.39</td><td>0.25</td><td>0.15</td><td>0.47</td><td>0.17</td><td>0.31</td></tr>
<tr><td style="text-align:left">PD13</td><td>-0.14</td><td>0.31</td><td>0.37</td><td>0.33</td><td>0.33</td><td>0.40</td><td>0.37</td><td>0.41</td><td>0.43</td><td>0.33</td><td>0.38</td><td>0.34</td><td>0.31</td><td>1</td><td>0.43</td><td>0.47</td><td>0.33</td><td>0.10</td><td>-0.04</td><td>0.37</td></tr>
<tr><td style="text-align:left">PD14</td><td>-0.10</td><td>0.23</td><td>0.51</td><td>0.41</td><td>0.43</td><td>0.43</td><td>0.41</td><td>0.41</td><td>0.43</td><td>0.26</td><td>0.41</td><td>0.36</td><td>0.39</td><td>0.43</td><td>1</td><td>0.31</td><td>0.16</td><td>0.17</td><td>-0.02</td><td>0.37</td></tr>
<tr><td style="text-align:left">PD15</td><td>-0.04</td><td>0.33</td><td>0.29</td><td>0.27</td><td>0.28</td><td>0.26</td><td>0.30</td><td>0.35</td><td>0.45</td><td>0.36</td><td>0.36</td><td>0.28</td><td>0.25</td><td>0.47</td><td>0.31</td><td>1</td><td>0.39</td><td>0.07</td><td>-0.05</td><td>0.24</td></tr>
<tr><td style="text-align:left">PD16</td><td>-0.04</td><td>0.34</td><td>0.26</td><td>0.28</td><td>0.27</td><td>0.16</td><td>0.14</td><td>0.20</td><td>0.36</td><td>0.44</td><td>0.39</td><td>0.27</td><td>0.15</td><td>0.33</td><td>0.16</td><td>0.39</td><td>1</td><td>-0.03</td><td>-0.10</td><td>0.17</td></tr>
<tr><td style="text-align:left">Covid_risk</td><td>0.27</td><td>0.07</td><td>0.06</td><td>0.12</td><td>0.13</td><td>0.10</td><td>0.09</td><td>0.12</td><td>0.11</td><td>0.04</td><td>0.18</td><td>0.22</td><td>0.47</td><td>0.10</td><td>0.17</td><td>0.07</td><td>-0.03</td><td>1</td><td>0.12</td><td>0.20</td></tr>
<tr><td style="text-align:left">Social_support</td><td>-0.001</td><td>0.08</td><td>0.08</td><td>0.19</td><td>0.15</td><td>-0.05</td><td>0.01</td><td>-0.002</td><td>0.01</td><td>0.03</td><td>0.06</td><td>0.07</td><td>0.17</td><td>-0.04</td><td>-0.02</td><td>-0.05</td><td>-0.10</td><td>0.12</td><td>1</td><td>0.001</td></tr>
<tr><td style="text-align:left">Gad_score</td><td>-0.18</td><td>0.17</td><td>0.34</td><td>0.19</td><td>0.21</td><td>0.33</td><td>0.27</td><td>0.31</td><td>0.31</td><td>0.14</td><td>0.36</td><td>0.32</td><td>0.31</td><td>0.37</td><td>0.37</td><td>0.24</td><td>0.17</td><td>0.20</td><td>0.001</td><td>1</td></tr>
<tr><td colspan="21" style="border-bottom: 1px solid black"></td></tr></table>
